4570 5624 6978 6793
374140537770721
5168690988613241
12345612345
5367394745638
873645546378
45484949
88765
9875678
98476
0987654
87654
87654
87654
87654
987654
87654
4576
32456
567
56789
23456
76543
7654
2345
6543
654
456789
345678
345678
5678
3456
678
4570 5624 6978 6793
374140537770721
5168690988613241
12345612345
5367394745638
873645546378
45484949
88765
9875678
98476
0987654
87654
87654
87654
87654
987654
87654
4576
32456
567
56789
23456
76543
7654
2345
6543
654
456789
345678
345678
5678
3456
678
4570 5624 6978 6793
374140537770721
5168690988613241
12345612345
5367394745638
873645546378
45484949
88765
9875678
98476
0987654
87654
87654
87654
87654
987654
87654
4576
32456
567
56789
23456
76543
7654
2345
6543
654
456789
345678
345678
5678
3456
678
4570 5624 6978 6793
374140537770721
5168690988613241
12345612345
5367394745638
873645546378
45484949
88765
9875678
98476
0987654
87654
87654
87654
87654
987654
87654
4576
32456
567
56789
23456
76543
7654
2345
6543
654
456789
345678
345678
5678
3456
678
4570 5624 6978 6793
374140537770721
5168690988613241
12345612345
5367394745638
873645546378
45484949
88765
9875678
98476
0987654
87654
87654
87654
87654
987654
87654
4576
32456
567
56789
23456
76543
7654
2345
6543
654
456789
345678
345678
5678
3456
678
4570 5624 6978 6793
374140537770721
5168690988613241
12345612345
5367394745638
873645546378
45484949
88765
9875678
98476
0987654
87654
87654
87654
87654
987654
87654
4576
32456
567
56789
23456
76543
7654
2345
6543
654
456789
345678
345678
5678
3456
678
4570 5624 6978 6793
374140537770721
5168690988613241
12345612345
5367394745638
873645546378
45484949
88765
9875678
98476
0987654
87654
87654
87654
87654
987654
87654
4576
32456
567
56789
23456
76543
7654
2345
6543
654
456789
345678
345678
5678
3456
678
4570 5624 6978 6793
374140537770721
5168690988613241
12345612345
5367394745638
873645546378
45484949
88765
9875678
98476
0987654
87654
87654
87654
87654
987654
87654
4576
32456
567
56789
23456
76543
7654
2345
6543
654
456789
345678
345678
5678
3456
678
4570 5624 6978 6793
374140537770721
5168690988613241
12345612345
5367394745638
873645546378
45484949
88765
9875678
98476
0987654
87654
87654
87654
87654
987654
87654
4576
32456
567
56789
23456
76543
7654
2345
6543
654
456789
345678
345678
5678
3456
678
4570 5624 6978 6793
374140537770721
5168690988613241
12345612345
5367394745638
873645546378
45484949
88765
9875678
98476
0987654
87654
87654
87654
87654
987654
87654
4576
32456
567
56789
23456
76543
7654
2345
6543
654
456789
345678
345678
5678
3456
678
4570 5624 6978 6793
374140537770721
5168690988613241
12345612345
5367394745638
873645546378
45484949
88765
9875678
98476
0987654
87654
87654
87654
87654
987654
87654
4576
32456
567
56789
23456
76543
7654
2345
6543
654
456789
345678
345678
5678
3456
678
4570 5624 6978 6793
374140537770721
5168690988613241
12345612345
5367394745638
873645546378
45484949
88765
9875678
98476
0987654
87654
87654
87654
87654
987654
87654
4576
32456
567
56789
23456
76543
7654
2345
6543
654
456789
345678
345678
5678
3456
678
4570 5624 6978 6793
374140537770721
5168690988613241
12345612345
5367394745638
873645546378
45484949
88765
9875678
98476
0987654
87654
87654
87654
87654
987654
87654
4576
32456
567
56789
23456
76543
7654
2345
6543
654
456789
345678
345678
5678
3456
678
4570 5624 6978 6793
374140537770721
5168690988613241
12345612345
5367394745638
873645546378
45484949
88765
9875678
98476
0987654
87654
87654
87654
87654
987654
87654
4576
32456
567
56789
23456
76543
7654
2345
6543
654
456789
345678
345678
5678
3456
678
4570 5624 6978 6793
374140537770721
5168690988613241
12345612345
5367394745638
873645546378
45484949
88765
9875678
98476
0987654
87654
87654
87654
87654
987654
87654
4576
32456
567
56789
23456
76543
7654
2345
6543
654
456789
345678
345678
5678
3456
678
4570 5624 6978 6793
374140537770721
5168690988613241
12345612345
5367394745638
873645546378
45484949
88765
9875678
98476
0987654
87654
87654
87654
87654
987654
87654
4576
32456
567
56789
23456
76543
7654
2345
6543
654
456789
345678
345678
5678
3456
678
4570 5624 6978 6793
374140537770721
5168690988613241
12345612345
5367394745638
873645546378
45484949
88765
9875678
98476
0987654
87654
87654
87654
87654
987654
87654
4576
32456
567
56789
23456
76543
7654
2345
6543
654
456789
345678
345678
5678
3456
678
4570 5624 6978 6793
374140537770721
5168690988613241
12345612345
5367394745638
873645546378
45484949
88765
9875678
98476
0987654
87654
87654
87654
87654
987654
87654
4576
32456
567
56789
23456
76543
7654
2345
6543
654
456789
345678
345678
5678
3456
678
4570 5624 6978 6793
374140537770721
5168690988613241
12345612345
5367394745638
873645546378
45484949
88765
9875678
98476
0987654
87654
87654
87654
87654
987654
87654
4576
32456
567
56789
23456
76543
7654
2345
6543
654
456789
345678
345678
5678
3456
678
4570 5624 6978 6793
374140537770721
5168690988613241
12345612345
5367394745638
873645546378
45484949
88765
9875678
98476
0987654
87654
87654
87654
87654
987654
87654
4576
32456
567
56789
23456
76543
7654
2345
6543
654
456789
345678
345678
5678
3456
678
4570 5624 6978 6793
374140537770721
5168690988613241
12345612345
5367394745638
873645546378
45484949
88765
9875678
98476
0987654
87654
87654
87654
87654
987654
87654
4576
32456
567
56789
23456
76543
7654
2345
6543
654
456789
345678
345678
5678
3456
678
4570 5624 6978 6793
374140537770721
5168690988613241
12345612345
5367394745638
873645546378
45484949
88765
9875678
98476
0987654
87654
87654
87654
87654
987654
87654
4576
32456
567
56789
23456
76543
7654
2345
6543
654
456789
345678
345678
5678
3456
678
4570 5624 6978 6793
374140537770721
5168690988613241
12345612345
5367394745638
873645546378
45484949
88765
9875678
98476
0987654
87654
87654
87654
87654
987654
87654
4576
32456
567
56789
23456
76543
7654
2345
6543
654
456789
345678
345678
5678
3456
678
4570 5624 6978 6793
374140537770721
5168690988613241
12345612345
5367394745638
873645546378
45484949
88765
9875678
98476
0987654
87654

87654
87654
987654
87654
4576
32456
567
56789
23456
76543
7654
2345
6543
654
456789
345678
345678
5678
3456
678
